000006 0 500 100
000007 0 500 0
000008 0 300 100
000009 0 300 0
000010 0 150 0
000011 0 800 200
000012 0 800 0
000013 0 700 0
000014 0 600 0
000015 0 200 0
000016 0 300 50
000017 0 350 50
000018 0 350 100
000019 0 400 0
000020 0 400 100
000021 0 450 50
000022 0 450 150
100001 0 300 0
100002 0 300 50
100003 0 300 100
100004 0 350 0
100005 0 350 50
100006 0 350 100
100007 0 400 0
100008 0 400 50
100009 0 400 100
100010 0 450 0
100011 0 450 50
100012 0 450 100
100013 0 450 150
100014 0 500 0
100015 0 500 50
100016 0 500 100
100017 0 500 150
100018 0 500 200
100019 0 550 0
100020 0 550 50
100021 0 550 100
100022 0 550 150
100023 0 550 200
100024 0 600 0
100025 0 600 50
100026 0 600 100
100027 0 600 150
100028 0 700 0
100029 0 700 50
